p: 32, time: 3.59269 
 p: 64, time: 1.90838 
 